   9.5416323222029753     
  -2.0132384985699230     
 -0.61816885259971099     
 -0.32783856974398795     
 -0.21047096535710075     
 -0.14940626784022734     
 -0.11289718368974092     
  -8.9038811600247458E-002
  -7.2439890315619426E-002
  -6.0336992157935421E-002
  -5.1191045436528249E-002
  -4.4087129326382840E-002
  -3.8443904996254434E-002
  -3.3870459983636789E-002
  -3.0098904851087179E-002
  -2.6946579047537670E-002
  -2.4284816748044263E-002
  -2.2014771203082970E-002
  -2.0057234920197713E-002
  -1.8352659694207813E-002
  -1.6859561838748885E-002
  -1.5546543783290706E-002
  -1.4384806538603044E-002
  -1.3348134692836324E-002
  -1.2417174619139959E-002
  -1.1579749853800574E-002
  -1.0825749340284241E-002
  -1.0143272621154191E-002
  -9.5206450111764117E-003
  -8.9503924080841773E-003
  -8.4288950372402478E-003
  -7.9521563771055431E-003
  -7.5137250002647957E-003
  -7.1073805296785267E-003
  -6.7302394830708635E-003
  -6.3816399676096900E-003
  -6.0595414916842201E-003
  -5.7596727753722200E-003
  -5.4784199188658402E-003
  -5.2150115888755597E-003
  -4.9698239167411049E-003
  -4.7414106933106118E-003
  -4.5265819229780855E-003
  -4.3232324446559629E-003
  -4.1316590486869696E-003
  -3.9525021348301125E-003
  -3.7844335088515952E-003
  -3.6249415600067866E-003
  -3.4729211112221000E-003
  -3.3292114521511779E-003
  -3.1943745700458593E-003
  -3.0670506610175146E-003
  -2.9452531528838411E-003
  -2.8285925308854103E-003
  -2.7181451364119858E-003
  -2.6142419091149303E-003
  -2.5154747464791699E-003
  -2.4203209288999935E-003
  -2.3289159872095485E-003
  -2.2423773435719736E-003
  -2.1607485639108014E-003
  -2.0826122338732174E-003
  -2.0068785749293395E-003
  -1.9340604009834500E-003
  -1.8651843471914824E-003
  -1.8000049273836647E-003
  -1.7371551407336383E-003
  -1.6759515862863649E-003
  -1.6171592403080685E-003
  -1.5616259028260419E-003
  -1.5088486439221291E-003
  -1.4575736613388216E-003
  -1.4074909698897822E-003
  -1.3595077957969201E-003
  -1.3142388010680026E-003
  -1.2709757133497737E-003
  -1.2286340205421172E-003
  -1.1872341632430011E-003
  -1.1477290418194311E-003
  -1.1104737327893265E-003
  -1.0746183450393123E-003
  -1.0392914786155438E-003
  -1.0047910042370093E-003
  -9.7203273073036831E-004
  -9.4110925597425826E-004
  -9.1109756913821890E-004
  -8.8136792369750030E-004
  -8.5243462889055812E-004
  -8.2510869891172576E-004
  -7.9923706081478567E-004
  -7.7389127404893380E-004
  -7.4869530508987043E-004
  -7.2431399767221207E-004
  -7.0140214417433182E-004
  -6.7959363476433954E-004
  -6.5801688851205807E-004
  -6.3654536374938920E-004
  -6.1592720241996041E-004
  -5.9662655749517367E-004
  -5.7810871051260137E-004
  -5.5961216940017024E-004
  -5.4124071039311555E-004
  -5.2376087091597786E-004
  -5.0742878544693501E-004
  -4.9159319945361673E-004
  -4.7564416783353250E-004
  -4.5988387979331612E-004
  -4.4503813617170795E-004
  -4.3115395020790469E-004
  -4.1751910952320765E-004
  -4.0370316790862981E-004
  -3.9016498004846483E-004
  -3.7753921266709387E-004
  -3.6567739035107933E-004
  -3.5386147090421690E-004
  -3.4185419902299155E-004
  -3.3022282741988404E-004
  -3.1947153315853733E-004
  -3.0928248589427932E-004
  -2.9898289966784141E-004
  -2.8852833690398548E-004
  -2.7854318213421441E-004
  -2.6937433660454286E-004
  -2.6057046264088481E-004
  -2.5154801552054301E-004
  -2.4244200328898534E-004
  -2.3388316634241713E-004
  -2.2604759659042986E-004
  -2.1839284809490616E-004
  -2.1045911454583950E-004
  -2.0253629657761497E-004
  -1.9521444616776184E-004
  -1.8849839835953535E-004
  -1.8180021166120736E-004
  -1.7480721224402460E-004
  -1.6793087238173570E-004
  -1.6168004770262222E-004
  -1.5589998760707859E-004
  -1.5000277450602463E-004
  -1.4383436583673907E-004
  -1.3788854020865848E-004
  -1.3256120028810374E-004
  -1.2756013040750568E-004
  -1.2233978553722862E-004
  -1.1690438983005846E-004
  -1.1178785205175793E-004
  -1.0725163274585894E-004
  -1.0289638865848291E-004
  -9.8255454478765047E-005
  -9.3479900452186234E-005
  -8.9101717525581349E-005
  -8.5237459534531329E-005
  -8.1416583794133445E-005
  -7.7279852057624208E-005
  -7.3104192136418575E-005
  -6.9380606777714679E-005
  -6.6081291844176368E-005
  -6.2703191426958472E-005
  -5.9013621021803927E-005
  -5.5386845865816587E-005
  -5.2239273016566358E-005
  -4.9409562924879637E-005
  -4.6400744484824703E-005
  -4.3115648691869788E-005
  -3.9992249318086195E-005
  -3.7346191066389182E-005
  -3.4902312854637852E-005
  -3.2205563921483343E-005
  -2.9293070806142015E-005
  -2.6630408533231300E-005
  -2.4415100065911851E-005
  -2.2284865607547204E-005
  -1.9857311930077085E-005
  -1.7293133659541580E-005
  -1.5049574766088847E-005
  -1.3198179586817630E-005
  -1.1320970808823564E-005
  -9.1319914900900144E-006
  -6.8965548540804801E-006
  -5.0303150357463770E-006
  -3.4804941938008828E-006
  -1.8070875991862605E-006
   1.6388909387657053E-007
   2.0878951790378250E-006
   3.6192676890097475E-006
   4.9245778693843805E-006
   6.4324321370108315E-006
   8.1981983127685218E-006
   9.8278095154845368E-006
   1.1067400570850638E-005
   1.2179153492336079E-005
   1.3549442877435444E-005
   1.5117270905806974E-005
   1.6470734602748616E-005
   1.7461784509606980E-005
   1.8424063068741708E-005
   1.9675521867610470E-005
   2.1049328416514786E-005
   2.2147077970192270E-005
   2.2932171342353354E-005
   2.3781610727908023E-005
   2.4925002211279336E-005
   2.6107328339031029E-005
   2.6972454896634611E-005
   2.7592502178904586E-005
   2.8357976538995097E-005
   2.9397595308791449E-005
   3.0391321007119551E-005
   3.1049577548307560E-005
   3.1542710566663557E-005
   3.2245334644925913E-005
   3.3180655695256240E-005
   3.3990380908083027E-005
   3.4469776186166574E-005
   3.4870273740612253E-005
   3.5523740136013653E-005
   3.6351127485880418E-005
   3.6984170834835973E-005
   3.7314230457462401E-005
   3.7651577368048000E-005
   3.8262820650782078E-005
   3.8977202450457111E-005
   3.9444191891740403E-005
   3.9654978543770031E-005
   3.9953143470473561E-005
   4.0523295657273577E-005
   4.1119714251228932E-005
   4.1434768735051998E-005
   4.1555762401610815E-005
   4.1832757356601101E-005
   4.2358336743243407E-005
   4.2833290726401430E-005
   4.3013816702682678E-005
   4.3072758102304982E-005
   4.3340517369125218E-005
   4.3814775650346236E-005
   4.4167285538700681E-005
   4.4233435009241107E-005
   4.4255231212209774E-005
   4.4519821039433840E-005
   4.4934162891596235E-005
   4.5166511307500714E-005
   4.5140367452786763E-005
   4.5146148224617297E-005
   4.5408292917304225E-005
   4.5753678196373335E-005
   4.5871797889124910E-005
   4.5776368784404839E-005
   4.5782766389509441E-005
   4.6038652939509923E-005
   4.6306894347642636E-005
   4.6320401197096700E-005
   4.6178510873334363E-005
   4.6197216087052763E-005
   4.6439519743920171E-005
   4.6624397766931154E-005
   4.6546289415163165E-005
   4.6379458020826362E-005
   4.6417082384950254E-005
   4.6636140762116507E-005
   4.6734272013886503E-005
   4.6580334261938012E-005
   4.6407735329695745E-005
   4.6465985860782654E-005
   4.6651040125410459E-005
   4.6662453753305839E-005
   4.6450434879053237E-005
   4.6288008109243482E-005
   4.6364157385102345E-005
   4.6504576211711497E-005
   4.6432974256944866E-005
   4.6181600787792220E-005
   4.6041384140407169E-005
   4.6128997518387067E-005
   4.6215402766850854E-005
   4.6068102753150938E-005
   4.5796018128431136E-005
   4.5685744526366957E-005
   4.5775608580879567E-005
   4.5800830660831984E-005
   4.5588410578964820E-005
   4.5313120175066599E-005
   4.5236103145063913E-005
   4.5317286358144411E-005
   4.5277091129799955E-005
   4.5012776853574547E-005
   4.4749679015137968E-005
   4.4704989659006571E-005
   4.4765958714704788E-005
   4.4659505420929081E-005
   4.4358357087579040E-005
   4.4119930557711950E-005
   4.4102846913188626E-005
   4.4132560008773861E-005
   4.3962569763301850E-005
   4.3640535700962880E-005
   4.3435739958870022E-005
   4.3438430546789179E-005
   4.3427332885493113E-005
   4.3199968173970415E-005
   4.2872881833166336E-005
   4.2706809440434155E-005
   4.2719196890205232E-005
   4.2660052531445192E-005
   4.2384528487355731E-005
   4.2067125185315113E-005
   4.1940925630568486E-005
   4.1951664753297376E-005
   4.1840172463227048E-005
   4.1528138949975033E-005
   4.1233165125712864E-005
   4.1144239292832427E-005
   4.1141737507466181E-005
   4.0976895091816315E-005
   4.0641643599871977E-005
   4.0379122139256907E-005
   4.0321566857865066E-005
   4.0294973785507949E-005
   4.0079174298039652E-005
   3.9734734379865400E-005
   3.9511436194625980E-005
   3.9476700742356413E-005
   3.9416797988689725E-005
   3.9155660787031809E-005
   3.8815856559389410E-005
   3.8635012052489790E-005
   3.8612714154261907E-005
   3.8512645344232161E-005
   3.8214603795997884E-005
   3.7892141646514080E-005
   3.7753407233063774E-005
   3.7732245967884045E-005
   3.7588040208798381E-005
   3.7263724602036439E-005
   3.6969378751879582E-005
   3.6869054596701314E-005
   3.6837752288566788E-005
   3.6648610357587780E-005
   3.6310078103784009E-005
   3.6052031547617959E-005
   3.5983508496449934E-005
   3.5931713380152760E-005
   3.5700043831891852E-005
   3.5359918482665593E-005
   3.5143303827078912E-005
   3.5097701428481595E-005
   3.5016787522948192E-005
   3.4747998255633711E-005
   3.4418583609527419E-005
   3.4245252497677777E-005
   3.4212197127728783E-005
   3.4095906865795415E-005
   3.3797975147376430E-005
   3.3490410589265976E-005
   3.3358942937401739E-005
   3.3327426191919709E-005
   3.3172314159227753E-005
   3.2855173457070108E-005
   3.2578691779631455E-005
   3.2484638252934170E-005
   3.2443891489773225E-005
   3.2249543112564771E-005
   3.1924337249835610E-005
   3.1685677027201282E-005
   3.1622011340488786E-005
   3.1562332729888760E-005
   3.1331348729065558E-005
   3.1009612107706116E-005
   3.0812623994261233E-005
   3.0770366924360645E-005
   3.0683842441704508E-005
   3.0421597083350738E-005
   3.0114423471354815E-005
   2.9959894589349734E-005
   2.9928860027941094E-005
   2.9809929016613806E-005
   2.9524126383107600E-005
   2.9241387906123848E-005
   2.9127091915019992E-005
   2.9096697640632808E-005
   2.8942526119554012E-005
   2.8642592661869604E-005
   2.8392265337479167E-005
   2.8313229087977329E-005
   2.8273311636921088E-005
   2.8083951439311175E-005
   2.7780313981200342E-005
   2.7567956882568962E-005
   2.7516918943256507E-005
   2.7458493155752248E-005
   2.7236821118533212E-005
   2.6940126558144284E-005
   2.6768549252543616E-005
   2.6736572172226390E-005
   2.6652481476101665E-005
   2.6403929067622766E-005
   2.6124264838321615E-005
   2.5993403094229565E-005
   2.5970590943892704E-005
   2.5856003723161405E-005
   2.5588102515323507E-005
   2.5334275320664587E-005
   2.5241279328775612E-005
   2.5217545525390705E-005
   2.5070265231892258E-005
   2.4792046436918414E-005
   2.4570971078139274E-005
   2.4510494755236198E-005
   2.4476322796103338E-005
   2.4296893846315831E-005
   2.4018189865612079E-005
   2.3834430649797553E-005
   2.3799096121970098E-005
   2.3746237726952171E-005
   2.3537844578999353E-005
   2.3268546514604342E-005
   2.3124041518067461E-005
   2.3105040640042960E-005
   2.3027101675536725E-005
   2.2795273669202982E-005
   2.2544600680274668E-005
   2.2438585006172059E-005
   2.2426370607557767E-005
   2.2319244531881486E-005
   2.2071393001750168E-005
   2.1847227191883686E-005
   2.1776356376400357E-005
   2.1761370420793929E-005
   2.1623491090474058E-005
   2.1368316927710884E-005
   2.1176651385974248E-005
   2.1135311373668494E-005
   2.1108695707869906E-005
   2.0941095264512799E-005
   2.0687913723444736E-005
   2.0532451928851471E-005
   2.0513228638444364E-005
   2.0467466501545441E-005
   2.0273638683058410E-005
   2.0031673228683581E-005
   1.9913606036419603E-005
   1.9907876405810362E-005
   1.9837319110032595E-005
   1.9622902600746798E-005
   1.9400600695628080E-005
   1.9318573470422540E-005
   1.9317171780172303E-005
   1.9218414411337445E-005
   1.8990723736424058E-005
   1.8795144666206327E-005
   1.8745412860556558E-005
   1.8739321605302032E-005
   1.8611403480745554E-005
   1.8378845546634109E-005
   1.8215163976465860E-005
   1.8191921613328255E-005
   1.8172935483003214E-005
   1.8017354513559392E-005
   1.7788776473231269E-005
   1.7659935950993637E-005
   1.7655789073379699E-005
   1.7617103683165590E-005
   1.7437647710510829E-005
   1.7221665893242988E-005
   1.7128204732485687E-005
   1.7134751795769700E-005
   1.7071435373182123E-005
   1.6873846956375129E-005
   1.6678206930049276E-005
   1.6618265723122223E-005
   1.6626739825836616E-005
   1.6536055561123392E-005
   1.6327558603955045E-005
   1.6158573080877851E-005
   1.6128079504397751E-005
   1.6130003736349408E-005
   1.6011562177564503E-005
   1.5800288369255373E-005
   1.5662392944733071E-005
   1.5655406532479214E-005
   1.5643213755151233E-005
   1.5498947584191570E-005
   1.5293307223635899E-005
   1.5188764415831090E-005
   1.5197952525630406E-005
   1.5165524520671523E-005
   1.4999491299349824E-005
   1.4807536256214814E-005
   1.4736306742481625E-005
   1.4753513845594386E-005
   1.4696601629042252E-005
   1.4514632682145911E-005
   1.4343458853998558E-005
   1.4303246072125724E-005
   1.4320112363042253E-005
   1.4236609000777422E-005
   1.4045833591149017E-005
   1.3901066343472346E-005
   1.3887527693542791E-005
   1.3896110254180177E-005
   1.3786158976377608E-005
   1.3594441552948849E-005
   1.3479840629168111E-005
   1.3486946337478687E-005
   1.3480296821020873E-005
   1.3346229737432178E-005
   1.3161563708811900E-005
   1.3078774547307692E-005
   1.3099284708329033E-005
   1.3071941624585188E-005
   1.2918056950057213E-005
   1.2747960797819699E-005
   1.2696427839172647E-005
   1.2722449987491230E-005
   1.2670810793905250E-005
   1.2503008278547692E-005
   1.2353968757430553E-005
   1.2331014044897824E-005
   1.2354598376597877E-005
   1.2277146137614706E-005
   1.2102450500160841E-005
   1.1979453331457293E-005
   1.1980511410737528E-005
   1.1994238805904729E-005
   1.1891609420093181E-005
   1.1717619298209436E-005
   1.1623800514240074E-005
   1.1642789244174220E-005
   1.1640308621521639E-005
   1.1515196678283205E-005
   1.1349501413206073E-005
   1.1285942955080377E-005
   1.1315740159452453E-005
   1.1292216259135148E-005
   1.1149129566542326E-005
   1.0998737726197946E-005
   1.0964419773634390E-005
   1.0997408387187357E-005
   1.0949848432591838E-005
   1.0794732276329254E-005
   1.0665554136011371E-005
   1.0657464806358600E-005
   1.0686104781312422E-005
   1.0613542020475149E-005
   1.0453303474430200E-005
   1.0349724899105598E-005
   1.0363116280537564E-005
   1.0380500299729845E-005
   1.0284023434099926E-005
   1.0125992893773969E-005
   1.0050570609724793E-005
   1.0079339448316269E-005
   1.0079691469766771E-005
   9.9623205961684334E-006
   9.8136916875384196E-006
   9.7669903905343125E-006
   9.8041528981715692E-006
   9.7832335286326661E-006
   9.6496545878581628E-006
   9.5169444659230365E-006
   9.4975253287041170E-006
   9.5357491451466628E-006
   9.4911393893852553E-006
   9.3473193931284515E-006
   9.2358891879431456E-006
   9.2404479299236769E-006
   9.2726006852121494E-006
   9.2038451427612822E-006
   9.0565589000717439E-006
   8.9702289019568108E-006
   8.9938705210679215E-006
   9.0135439244744357E-006
   8.9221452634430356E-006
   8.7784503568858048E-006
   8.7192368990992930E-006
   8.7558642459546765E-006
   8.7578351569160063E-006
   8.6471028727459176E-006
   8.5138028362282849E-006
   8.4817943327367806E-006
   8.5245796524831662E-006
   8.5051749318128460E-006
   8.3799421642749478E-006
   8.2630780035644658E-006
   8.2564569666269954E-006
   8.2983599017706367E-006
   8.2556995524079138E-006
   8.1219312949850319E-006
   8.0263387009006331E-006
   8.0415456090098846E-006
   8.0758383258728825E-006
   8.0099409043817318E-006
   7.8742646096843984E-006
   7.8032287027301460E-006
   7.8352531174136327E-006
   7.8560133518981451E-006
   7.7687581313177753E-006
   7.6379529612434046E-006
   7.5929846267547799E-006
   7.6357597508891259E-006
   7.6382956086887237E-006
   7.5332467092558074E-006
   7.4137301456851288E-006
   7.3944785810106661E-006
   7.4413481574921731E-006
   7.4225241739127907E-006
   7.3046320494264404E-006
   7.2019821386627093E-006
   7.2062878693026820E-006
   7.2505094529691610E-006
   7.2089512593518942E-006
   7.0841557915872243E-006
   7.0027040163424080E-006
   7.0267861240785101E-006
   7.0620326449943825E-006
   6.9981969825531181E-006
   6.8729633555048310E-006
   6.8154873100517047E-006
   6.8542487381182906E-006
   6.8750710171281441E-006
   6.7911780682833740E-006
   6.6720010903308114E-006
   6.6395382383675553E-006
   6.6869645160267079E-006
   6.6891808985735804E-006
   6.5890161934643152E-006
   6.4819305080947354E-006
   6.4737249560168761E-006
   6.5233451290256681E-006
   6.5043303650115659E-006
   6.3929331098058349E-006
   6.3030657039286484E-006
   6.3166498357933101E-006
   6.3620242568729057E-006
   6.3208776918715575E-006
   6.2041405501314091E-006
   6.1353382447178026E-006
   6.1667409992304971E-006
   6.2019391876333238E-006
   6.1395216277608991E-006
   6.0237331821998997E-006
   5.9782916981958520E-006
   6.0223559702777907E-006
   6.0423890656670092E-006
   5.9612276168162052E-006
   5.8525925209228539E-006
   5.8311057371513359E-006
   5.8818895352834903E-006
   5.8830657990092155E-006
   5.7871358241911766E-006
   5.6913087728628488E-006
   5.6926475568684430E-006
   5.7438777011418421E-006
   5.7240557351683317E-006
   5.6184580827346408E-006
   5.5401261473952499E-006
   5.5615463464368388E-006
   5.6070900554337225E-006
   5.5658124121576971E-006
   5.4563715902320240E-006
   5.3989153357431845E-006
   5.4362849014270064E-006
   5.4706038110700972E-006
   5.4091028394935071E-006
   5.3019173137316641E-006
   5.2671747866997839E-006
   5.3153012820652664E-006
   5.3338542817992344E-006
   5.2549316981448366E-006
   5.1559105878620792E-006
   5.1440602397545851E-006
   5.1970927793180168E-006
   5.1966583662431430E-006
   5.1044494226343893E-006
   5.0188703740234584E-006
   5.0284398783415373E-006
   5.0803143903538101E-006
   5.0592096765452848E-006
   4.9588512427280282E-006
   4.8909721623413338E-006
   4.9189706026592946E-006
   4.9638645316244829E-006
   4.9220460789115990E-006
   4.8192748285023637E-006
   4.7720276688979653E-006
   4.8141894110233250E-006
   4.8469517730294147E-006
   4.7859924566582710E-006
   4.6867041795127696E-006
   4.6614924371230567E-006
   4.7126128436461232E-006
   4.7291378789665033E-006
   4.6520833087101972E-006
   4.5618868179863388E-006
   4.5585003565650062E-006
   4.6128369411882829E-006
   4.6103542739274684E-006
   4.5214712339625945E-006
   4.4452702589487564E-006
   4.4619221284677530E-006
   4.5136302441344575E-006
   4.4908910742485424E-006
   4.3953283163448609E-006
   4.3369622071329765E-006
   4.3704429586355634E-006
   4.4140129798328597E-006
   4.3713598802104126E-006
   4.2747478556101089E-006
   4.2367170997475895E-006
   4.2826533972004240E-006
   4.3133167125540615E-006
   4.2526334624225892E-006
   4.1606537572496889E-006
   4.1439496155391741E-006
   4.1971463492630634E-006
   4.2112202669140985E-006
   4.1357671553387842E-006
   4.0537242240078635E-006
   4.0577737519446921E-006
   4.1126129175168048E-006
   4.1077595632272046E-006
   4.0219080669929875E-006
   3.9543352326767940E-006
   3.9770641860578345E-006
   4.0279299277955145E-006
   4.0033109789886510E-006
   3.9121990373145374E-006
   3.8625277287873447E-006
   3.9005350189666610E-006
   3.9422327058101375E-006
   3.8985498312851266E-006
   3.8076845751823705E-006
   3.7780006504881655E-006
   3.8268297735890765E-006
   3.8549678607626941E-006
   3.7943874069155417E-006
   3.7092257577016102E-006
   3.7001299383550079E-006
   3.7546157619185250E-006
   3.7659223969357018E-006
   3.6918915244325348E-006
   3.6174303139683082E-006
   3.6280117493389279E-006
   3.6826757048757705E-006
   3.6752272867887652E-006
   3.5921967696196517E-006
   3.5326028997811980E-006
   3.5605263098846930E-006
   3.6099897876366432E-006
   3.5833355702451848E-006
   3.4964112374509668E-006
   3.4547189946470529E-006
   3.4964173513249215E-006
   3.5358021370704483E-006
   3.4909769455409015E-006
   3.4055267816242543E-006
   3.3834240467270480E-006
   3.4343809780435704E-006
   3.4596669538547566E-006
   3.3990925456164610E-006
   3.3203394215616052E-006
   3.3180575877637256E-006
   3.3731571933779332E-006
   3.3814711082372374E-006
   3.3087550219765055E-006
   3.2413857084051149E-006
   3.2577001743245391E-006
   3.3116171972486810E-006
   3.3014318086641670E-006
   3.2210800903069871E-006
   3.1688995865990567E-006
   3.2012393426910888E-006
   3.2488399804127540E-006
   3.2200698342903353E-006
   3.1371362503727983E-006
   3.1027927015270331E-006
   3.1474493922553590E-006
   3.1841726185040358E-006
   3.1381606373684031E-006
   3.0578594430172747E-006
   3.0426593129530263E-006
   3.0950788475866015E-006
   3.1172699602295579E-006
   3.0566672455226811E-006
   2.9839789487137883E-006
   2.9878051220449048E-006
   3.0429389514025449E-006
   3.0481109967981754E-006
   2.9766602042157006E-006
   2.9159599182043600E-006
   2.9372975445937729E-006
   2.9899865547695145E-006
   2.9769909770420368E-006
   2.8992307005983624E-006
   2.8539666119662065E-006
   2.8900333935586252E-006
   2.9353952660465270E-006
   2.9044901553897633E-006
   2.8254034416150998E-006
   2.7978488276287309E-006
   2.8448186787978411E-006
   2.8786096792008191E-006
   2.8314217934688364E-006
   2.7560557970450679E-006
   2.7471522325613631E-006
   2.8004544005894531E-006
   2.8193788280806972E-006
   2.7587635558879016E-006
   2.6918491682468803E-006
   2.7011515247355194E-006
   2.7558218374510894E-006
   2.7577666165530101E-006
   2.6875776307710662E-006
   2.6331775599859523E-006
   2.6589036527507162E-006
   2.7099609478834314E-006
   2.6941387201842941E-006
   2.6189256807665191E-006
   2.5801369807469128E-006
   2.6193168600500645E-006
   2.6621360992092710E-006
   2.6291272206307041E-006
   2.5537850435533328E-006
   2.5325177014927526E-006
   2.5812301868252667E-006
   2.6118843516665010E-006
   2.5635758822421907E-006
   2.4929724295382297E-006
   2.4898196668145965E-006
   2.5434973500149457E-006
   2.5590428932059239E-006
   2.4984703950052259E-006
   2.4370807295325607E-006
   2.4512896188107244E-006
   2.5050686639789557E-006
   2.5037538139122614E-006
   2.4348589766933825E-006
   2.3864334962805205E-006
   2.4159768905176647E-006
   2.4650648892279475E-006
   2.4464461290118080E-006
   2.3737693853649173E-006
   2.3410602894819950E-006
   2.3828034618576217E-006
   2.4228375725345716E-006
   2.3877966620771353E-006
   2.3161285922169130E-006
   2.3006944781517895E-006
   2.3506428643023938E-006
   2.3780115186341435E-006
   2.3286729603484808E-006
   2.2626910892091207E-006
   2.2647933919753171E-006
   2.3184019141263939E-006
   2.3305064160844330E-006
   2.2700627207319334E-006
   2.2139810907730117E-006
   2.2325790465765864E-006
   2.2850991194241545E-006
   2.2805362401473039E-006
   2.2129951633131207E-006
   2.1702527901959016E-006
   2.2030961480790491E-006
   2.2499339234265605E-006
   2.2285867286129603E-006
   2.1584603264028811E-006
   2.1314714305214383E-006
   2.1752828287538620E-006
   2.2123417018038105E-006
   2.1753728677534480E-006
   2.1073323468412032E-006
   2.0973163635032629E-006
   2.1480486667383008E-006
   2.1720305550689427E-006
   2.1217797974461924E-006
   2.0603024188727570E-006
   2.0672056091214529E-006
   2.1203540567010505E-006
   2.1289973444879274E-006
   2.0687917443058298E-006
   2.0178263374086177E-006
   2.0403398271312710E-006
   2.0912849704990944E-006
   2.0835220034460390E-006
   2.0174144400195561E-006
   1.9800903852372671E-006
   2.0157621841139643E-006
   2.0601175556346367E-006
   2.0361407921621683E-006
   1.9685969027358417E-006
   1.9469979062990085E-006
   1.9924294456788382E-006
   2.0263678430140672E-006
   1.9876007329578578E-006
   1.9231584465688931E-006
   1.9181773363825616E-006
   1.9692888414270160E-006
   1.9898230037887055E-006
   1.9387988441807111E-006
   1.8817263207470050E-006
   1.8930108432071779E-006
   1.9453548735528293E-006
   1.9505520161224136E-006
   1.8907108930919160E-006
   1.8446885321415000E-006
   1.8706812001860435E-006
   1.9197803135985549E-006
   1.9088951669617399E-006
   1.8443151171600487E-006
   1.8121652119467437E-006
   1.8502331753047089E-006
   1.8919161287957181E-006
   1.8654334071502962E-006
   1.8005166819831351E-006
   1.7840004662382380E-006
   1.8306446738959271E-006
   1.8613559647746760E-006
   1.8209400721006617E-006
   1.7600785243212768E-006
   1.7597750918504679E-006
   1.8109021920742795E-006
   1.8279620177974812E-006
   1.7763187756014447E-006
   1.7235636901202748E-006
   1.7388389756685864E-006
   1.7900748790136771E-006
   1.7918705563775286E-006
   1.7325322791589089E-006
   1.6912933613541737E-006
   1.7203605323351854E-006
   1.7673816672672496E-006
   1.7534768955733650E-006
   1.6905277612828164E-006
   1.6633235462776560E-006
   1.7033892891755169E-006
   1.7422465130170936E-006
   1.7134011682970066E-006
   1.6511641250075667E-006
   1.6394419756759601E-006
   1.6869267831541089E-006
   1.7143377296060281E-006
   1.6724376621308015E-006
   1.6151467671956811E-006
   1.6191852216720257E-006
   1.6700003651766706E-006
   1.6835886331304005E-006
   1.6314916917634463E-006
   1.5829746190869338E-006
   1.6018745371602537E-006
   1.6517343452199435E-006
   1.6501981474457799E-006
   1.5915088691498571E-006
   1.5549032946548602E-006
   1.5866675293257992E-006
   1.6314131688371884E-006
   1.6146115311313820E-006
   1.5534021501051263E-006
   1.5309269382026930E-006
   1.5726216236269113E-006
   1.6085319711619510E-006
   1.5774828788324325E-006
   1.5179821503582214E-006
   1.5107799350777783E-006
   1.5587644357109523E-006
   1.5828308472922733E-006
   1.5396223958212532E-006
   1.4858959193278657E-006
   1.4939581489664191E-006
   1.5441657006599067E-006
   1.5543104361884390E-006
   1.5019325565750169E-006
   1.4575786730928107E-006
   1.4797578878054746E-006
   1.5280053461300428E-006
   1.5232278406247525E-006
   1.4653380458390834E-006
   1.4332219704203892E-006
   1.4673294923863495E-006
   1.5096326435137592E-006
   1.4900733879045338E-006
   1.4307147987688929E-006
   1.4127605470840877E-006
   1.4557413757471921E-006
   1.4886120880271193E-006
   1.4555301698788038E-006
   1.3988234697151018E-006
   1.3958786054525740E-006
   1.4440496039186626E-006
   1.4647527037681128E-006
   1.4204195709880432E-006
   1.3702522740584094E-006
   1.3820348878695190E-006
   1.4313677396063654E-006
   1.4381187381296283E-006
   1.3856370078585126E-006
   1.3453733916319376E-006
   1.3705044599032321E-006
   1.4169317050950863E-006
   1.4090211308899726E-006
   1.3520827991961439E-006
   1.3243160657838965E-006
   1.3604339014329532E-006
   1.4001548486573946E-006
   1.3779905898892303E-006
   1.3205934001901920E-006
   1.3069582475787139E-006
   1.3509056296152700E-006
   1.3806691785736156E-006
   1.3457344742793303E-006
   1.2918781533555913E-006
   1.2929372247749361E-006
   1.3410064347014225E-006
   1.3583498079498226E-006
   1.3130808800295518E-006
   1.2664662462231011E-006
   1.2816782489151346E-006
   1.3298950428588507E-006
   1.3333209396278312E-006
   1.2809142475072503E-006
   1.2446677519013470E-006
   1.2724388331428600E-006
   1.3168636463386223E-006
   1.3059431237131536E-006
   1.2501074043804636E-006
   1.2265515378863110E-006
   1.2643652427695136E-006
   1.3013888416713372E-006
   1.2767829267878579E-006
   1.2214551794813663E-006
   1.2119415346069966E-006
   1.2565568191517317E-006
   1.2831682551039250E-006
   1.2465674574919839E-006
   1.1956145498935914E-006
   1.2004314624162173E-006
   1.2481332316578614E-006
   1.2621402449905820E-006
   1.2161273083872841E-006
   1.1730557498225134E-006
   1.1914167335340932E-006
   1.2382995817473206E-006
   1.2384853643179136E-006
   1.1863323047187552E-006
   1.1540279025675149E-006
   1.1841409653707540E-006
   1.2264044911898469E-006
   1.2126096478463128E-006
   1.1580249529159701E-006
   1.1385416159105734E-006
   1.1777534763892082E-006
   1.2119868829995277E-006
   1.1851111525921886E-006
   1.1319566032483278E-006
   1.1263696832257253E-006
   1.1713733403854150E-006
   1.1948080487817442E-006
   1.1567324195816796E-006
   1.1087310920114576E-006
   1.1170656647865758E-006
   1.1641551295127529E-006
   1.1748667352791028E-006
   1.1283025604995451E-006
   1.0887600226817191E-006
   1.1099987850481632E-006
   1.1553513938826352E-006
   1.1523962770974530E-006
   1.1006734119883745E-006
   1.0722329316493776E-006
   1.1044023702224098E-006
   1.1443672159123593E-006
   1.1278441571298773E-006
   1.0746546042709363E-006
   1.0591044363916574E-006
   1.0994320621912182E-006
   1.1308028181654464E-006
   1.1018356949071605E-006
   1.0509524310197408E-006
   1.0490991738836490E-006
   1.0942293467019927E-006
   1.1144811365361698E-006
   1.0751247341262331E-006
   1.0301170707468473E-006
   1.0417339897524103E-006
   1.0879855758344813E-006
   1.0954584265285773E-006
   1.0485351534538180E-006
   1.0125020468323088E-006
   1.0363555539654409E-006
   1.0800016718723167E-006
   1.0740172635072896E-006
   1.0228976754438384E-006
   9.9823885577848876E-007
   1.0321904346257198E-006
   1.0697390699562801E-006
   1.0506426226582297E-006
   9.9898676085936884E-007
   9.8722852834861821E-007
   1.0284037547224277E-006
   1.0568581520119783E-006
   1.0259829893341738E-006
   9.7746232547856492E-007
   9.7915060148853699E-007
   1.0241619481441890E-006
   1.0412414001680546E-006
   1.0007995564965137E-006
   9.5882061242436060E-007
   9.7348867027368742E-007
   1.0186948646737849E-006
   1.0229996692252756E-006
   9.7590743090293723E-007
   9.4335782518019307E-007
   9.6957044752782016E-007
   1.0113525643090834E-006
   1.0024612579516376E-006
   9.5211333549513591E-007
   9.3114913648087279E-007
   9.6661919309023976E-007
   1.0016525841342060E-006
   9.8014475582984218E-007
   9.3015451851373308E-007
   9.2204451174890727E-007
   9.6381254608768397E-007
   9.8931420992336944E-007
   9.5671784773967039E-007
   9.1064344515159334E-007
   9.1568150923642492E-007
   9.6034427545428191E-007
   9.7427729691867790E-007
   9.3294529677891263E-007
   8.9402237454499136E-007
   9.1151394345422729E-007
   9.5548428336271756E-007
   9.5670436009005127E-007
   9.0963010732990281E-007
   8.8053114637403205E-007
   9.0885411916448978E-007
   9.4863237044657251E-007
   9.3696592696798898E-007
   8.8755234848787417E-007
   8.7019047859299858E-007
   9.0692534106042328E-007
   9.3936177672248850E-007
   9.1561039809205183E-007
   8.6741025283641589E-007
   8.6280189516713094E-007
   9.0492066512134288E-007
   9.2744931827563868E-007
   8.9332081593941057E-007
   8.4976799590582397E-007
   8.5796414275855838E-007
   9.0206342314810318E-007
   9.1288997176847860E-007
   8.7086190421060392E-007
   8.3501401953851557E-007
   8.5510471778536973E-007
   8.9766495515250546E-007
   8.9589494459747094E-007
   8.4902143826913740E-007
   8.2333293884904716E-007
   8.5352400500321397E-007
   8.9117523887238517E-007
   8.7687352109324139E-007
   8.2855040387940387E-007
   8.1469302628907955E-007
   8.5244860168425650E-007
   8.8222267212376462E-007
   8.5640018646750745E-007
   8.1010644822108002E-007
   8.0885007773718438E-007
   8.5108974057783639E-007
   8.7064011030095842E-007
   8.3516962463315236E-007
   7.9420484325492001E-007
   8.0536722945529373E-007
   8.4870237903855320E-007
   8.5647532354893869E-007
   8.1394307662174562E-007
   7.8118058342529896E-007
   8.0364910023490483E-007
   8.4464050645974789E-007
   8.3998521585094089E-007
   7.9349016201072344E-007
   7.7116436925089110E-007
   8.0298757169556461E-007
   8.3840454722958761E-007
   8.2161438139547986E-007
   7.7453057244512619E-007
   7.6407416247986555E-007
   8.0261566457138271E-007
   8.2967736188703377E-007
   8.0195973924845379E-007
   7.5768002291529270E-007
   7.5962281838645770E-007
   8.0176539835674100E-007
   8.1834623827224738E-007
   7.8172402279727185E-007
   7.4340448288049891E-007
   7.5734108417878461E-007
   7.9972524790414408E-007
   8.0450933675236873E-007
   7.6166171237848743E-007
   7.3198606073404233E-007
   7.5661410697609590E-007
   7.9589288483804804E-007
   7.8846623468522834E-007
   7.4252153678363737E-007
   7.2350300610172097E-007
   7.5672859483627135E-007
   7.8981927711982423E-007
   7.7069341272615003E-007
   7.2498989378084390E-007
   7.1782521565322548E-007
   7.5692699669543935E-007
   7.8124090429223883E-007
   7.5180664968828873E-007
   7.0963943393183540E-007
   7.1462545148077675E-007
   7.5646456993387107E-007
   7.7009776323426505E-007
   7.3251326025493236E-007
   6.9688662987492282E-007
   7.1340530006168261E-007
   7.5466502431764235E-007
   7.5653593097709409E-007
   7.1355785009032275E-007
   6.8696144689038585E-007
   7.1353379794897539E-007
   7.5097056814495640E-007
   7.4089461372509283E-007
   6.9566571662670401E-007
   6.7989129452843116E-007
   7.1429571843812580E-007
   7.4498264270271907E-007
   7.2367878699540408E-007
   6.7948817213438982E-007
   6.7550035038369897E-007
   7.1494580952348857E-007
   7.3649035702830628E-007
   7.0551959630157517E-007
   6.6555388095753487E-007
   6.7342418069392796E-007
   7.1476485719402107E-007
   7.2548458433858402E-007
   6.8712559640756467E-007
   6.5422982133761853E-007
   6.7313843531430909E-007
   7.1311334493216253E-007
   7.1215677712917343E-007
   6.6922856806900741E-007
   6.4569472961224553E-007
   6.7399934633538300E-007
   7.0947869365254174E-007
   6.9688271097174946E-007
   6.5252802854754701E-007
   6.3992692173143957E-007
   6.7529289013078481E-007
   7.0351258193167041E-007
   6.8019250079853594E-007
   6.3763861896451192E-007
   6.3670729302458478E-007
   6.7628884780473623E-007
   6.9505561944703961E-007
   6.6272925298813936E-007
   6.2504430112617003E-007
   6.3563715128264005E-007
   6.7629566088339525E-007
   6.8414762003851437E-007
   6.4519955320756738E-007
   6.1506275345511677E-007
   6.3616942230461632E-007
   6.7471194925415596E-007
   6.7102281315286528E-007
   6.2831957452706905E-007
   6.0782256166735134E-007
   6.3765077632975491E-007
   6.7107084498613294E-007
   6.5609047407215600E-007
   6.1276089492973301E-007
   6.0325481875992494E-007
   6.3937142211498352E-007
   6.6507386423477927E-007
   6.3990254330320700E-007
   5.9910010009416990E-007
   6.0109965352447556E-007
   6.4061876388278995E-007
   6.5661185244605602E-007
   6.2311077261568540E-007
   5.8777593124328041E-007
   6.0092707971240724E-007
   6.4073085597044149E-007
   6.4577152800827549E-007
   6.0641669990630698E-007
   5.7905714155497160E-007
   6.0217048542338932E-007
   6.3914563613479248E-007
   6.3282724369715644E-007
   5.9051827286991586E-007
   5.7302339586490133E-007
   6.0417014709684476E-007
   6.3544226801807060E-007
   6.1821869983580323E-007
   5.7605715790490403E-007
   5.6956054748706845E-007
   6.0622341731512489E-007
   6.2937154397756492E-007
   6.0251639397744046E-007
   5.6357069601481756E-007
   5.6837053944661167E-007
   6.0763776127169830E-007
   6.2087314619782259E-007
   5.8637749931933335E-007
   5.5345208009487298E-007
   5.6899507121950858E-007
   6.0778263143262676E-007
   6.1007856866649525E-007
   5.7049556368595129E-007
   5.4592168667069142E-007
   5.7085114525686425E-007
   6.0613628499420695E-007
   5.9729958722647529E-007
   5.5554785805041739E-007
   5.4101163354112450E-007
   5.7327573108259242E-007
   6.0232406434579801E-007
   5.8300325754784103E-007
   5.4214435416673518E-007
   5.3856462372244161E-007
   5.7557611620172642E-007
   5.9614532321650869E-007
   5.6777542114840142E-007
   5.3078215553813869E-007
   5.3824705495288560E-007
   5.7708211454844396E-007
   5.8758705991143451E-007
   5.5227555235502140E-007
   5.2180876886557054E-007
   5.3957530150468030E-007
   5.7719619116669196E-007
   5.7682333150200791E-007
   5.3718640643918642E-007
   5.1539691121206707E-007
   5.4195309144511724E-007
   5.7543774812078495E-007
   5.6420060052241571E-007
   5.2316229800400367E-007
   5.1153266411307424E-007
   5.4471708618722423E-007
   5.7147828344161741E-007
   5.5021021946232387E-007
   5.1077990676882809E-007
   5.1001776309696594E-007
   5.4718717092919204E-007
   5.6516484668068136E-007
   5.3545022062074973E-007
   5.0049529583415042E-007
   5.1048574773034324E-007
   5.4871763798897996E-007
   5.5653011190123570E-007
   5.2057936258138630E-007
   4.9261032802461630E-007
   5.1243065296181626E-007
   5.4874540635366929E-007
   5.4578841027952809E-007
   5.0626694952705830E-007
   4.8725093800365748E-007
   5.1524599165367240E-007
   5.4683167064981541E-007
   5.3331812315468032E-007
   4.9314222845635241E-007
   4.8435880729387548E-007
   5.1827101951660474E-007
   5.4269389464212285E-007
   5.1963186081414946E-007
   4.8174717521290036E-007
   4.8369697217056517E-007
   5.2084074947991115E-007
   5.3622581403804765E-007
   5.0533676018359502E-007
   4.7249619699648439E-007
   4.8486883821664153E-007
   5.2233592294510002E-007
   5.2750402787162351E-007
   4.9108795850630716E-007
   4.6564573110717705E-007
   4.8734907506868327E-007
   5.2222918016985851E-007
   5.1678078263659569E-007
   4.7753879522762644E-007
   4.6127595769186700E-007
   4.9052397920359280E-007
   5.2012398156974016E-007
   5.0446358933748657E-007
   4.6529151051559052E-007
   4.5928591336495974E-007
   4.9373820103083762E-007
   5.1578340466265128E-007
   4.9108330394251669E-007
   4.5485214824449218E-007
   4.5940227753706452E-007
   4.9634427332162984E-007
   5.0914672305702109E-007
   4.7725315550682574E-007
   4.4659302631233630E-007
   4.6120107332187559E-007
   4.9775119482530910E-007
   5.0033260597594406E-007
   4.6362186865016324E-007
   4.4072554350995649E-007
   4.6414055562458455E-007
   4.9746841910571162E-007
   4.8962879357007455E-007
   4.5082445124463546E-007
   4.3728529524627912E-007
   4.6760273298850189E-007
   4.9514197034040139E-007
   4.7746912024885826E-007
   4.3943436495454177E-007
   4.3613053171913653E-007
   4.7094033722458418E-007
   4.9058002626354644E-007
   4.6439970653207306E-007
   4.2992067201875577E-007
   4.3695398056360698E-007
   4.7352566860745501E-007
   4.8376611579796119E-007
   4.5103693849229799E-007
   4.2261334416434631E-007
   4.3930704821191448E-007
   4.7479762474191240E-007
   4.7485902484328113E-007
   4.3802045447516167E-007
   4.1767928842467445E-007
   4.4263449266112751E-007
   4.7430338921939150E-007
   4.6417951113045974E-007
   4.2596471346796213E-007
   4.1511081980457205E-007
   4.4631688568406144E-007
   4.7173167865236736E-007
   4.5218492080235373E-007
   4.1541279931166188E-007
   4.1472736031440303E-007
   4.4971761254030135E-007
   4.6693510471646986E-007
   4.3943369970875814E-007
   4.0679592161086845E-007
   4.1619014480864374E-007
   4.5223084154297792E-007
   4.5994004352343224E-007
   4.2654254213955261E-007
   4.0040162260715175E-007
   4.1902873688230857E-007
   4.5332684608788569E-007
   4.5094335683069150E-007
   4.1413945155892691E-007
   3.9635302214845431E-007
   4.2267727703476307E-007
   4.5259128616765070E-007
   4.4029630126274170E-007
   4.0281627605790047E-007
   3.9460058719568723E-007
   4.2651766817038438E-007
   4.4975553368526752E-007
   4.2847692571197942E-007
   3.9308429292552815E-007
   3.9492695878935872E-007
   4.2992639971319105E-007
   4.4471582106746301E-007
   4.1605311289439377E-007
   3.8533616664316826E-007
   3.9696438551594471E-007
   4.3232146190739146E-007
   4.3753984811109479E-007
   4.0363911103958258E-007
   3.7981709807669818E-007
   4.0022336211587515E-007
   4.3320581693765305E-007
   4.2846043420262373E-007
   3.9184887136686870E-007
   3.7660727537982963E-007
   4.0413024422963068E-007
   4.3220417859658096E-007
   4.1785678210685864E-007
   3.8124972563429545E-007
   3.7561687028268083E-007
   4.0807094471926100E-007
   4.2909037685188954E-007
   4.0622484767486492E-007
   3.7231988920069716E-007
   3.7659387232352876E-007
   4.1143738351727552E-007
   4.2380331204766113E-007
   3.9413911979760390E-007
   3.6541296258398585E-007
   3.7914408502650783E-007
   4.1367317375928006E-007
   4.1645037273970336E-007
   3.8220874393565305E-007
   3.6073205608473910E-007
   3.8276169595991293E-007
   4.1431511131158771E-007
   4.0729814481407854E-007
   3.7103133210120325E-007
   3.5831542188479644E-007
   3.8686804952767430E-007
   4.1302737095771350E-007
   3.9675119565281337E-007
   3.6114794988980467E-007
   3.5803459749643980E-007
   3.9085564810256180E-007
   4.0962588442112926E-007
   3.8532060991085434E-007
   3.5300266306449279E-007
   3.5960511859807874E-007
   3.9413403511757243E-007
   4.0409112971425384E-007
   3.7358471382799258E-007
   3.4690965809654778E-007
   3.6260890954868809E-007
   3.9617409212396047E-007
   3.9656844590480259E-007
   3.6214499705212551E-007
   3.4303036302341465E-007
   3.6652659104662303E-007
   3.9654742655202066E-007
   3.8735593119403244E-007
   3.5158058139749506E-007
   3.4136222410278073E-007
   3.7077720532168682E-007
   3.9495791593521060E-007
   3.7688091811701799E-007
   3.4240467488940012E-007
   3.4173990794568758E-007
   3.7476232005434283E-007
   3.9126308511030740E-007
   3.6566686988648863E-007
   3.3502627519910710E-007
   3.4384875523726916E-007
   3.7791116108443177E-007
   3.8548377321703182E-007
   3.5429325524515853E-007
   3.2971997415243033E-007
   3.4724939634201202E-007
   3.7972337044383643E-007
   3.7780143955421666E-007
   3.4335146666812221E-007
   3.2660608091634677E-007
   3.5141159913402975E-007
   3.7980618294964080E-007
   3.6854339022117577E-007
   3.3340012816241586E-007
   3.2564249697704663E-007
   3.5575474369521954E-007
   3.7790326147945732E-007
   3.5815711708388628E-007
   3.2492316068460078E-007
   3.2662887594123207E-007
   3.5969183163799457E-007
   3.7391307054447215E-007
   3.4717575039909652E-007
   3.1829374542088967E-007
   3.2922267723681702E-007
   3.6267369342463663E-007
   3.6789547390286242E-007
   3.3617728475246085E-007
   3.1374686073039943E-007
   3.3296582787965891E-007
   3.6423006460729244E-007
   3.6006613373806578E-007
   3.2574068804849143E-007
   3.1136240599201449E-007
   3.3731991780922264E-007
   3.6400445735461241E-007
   3.5077921214458923E-007
   3.1640221837320981E-007
   3.1106011540892869E-007
   3.4170722272495442E-007
   3.6178024078485895E-007
   3.4049975125739850E-007
   3.0861523712692101E-007
   3.1260656891608634E-007
   3.4555442840148122E-007
   3.5749602175093281E-007
   3.2976787781429517E-007
   3.0271652255896534E-007
   3.1563369706928459E-007
   3.4833574742298743E-007
   3.5124923566926207E-007
   3.1915757884616131E-007
   2.9890157845269238E-007
   3.1966731181301138E-007
   3.4961218367878949E-007
   3.4328775206363134E-007
   3.0923318868220827E-007
   2.9721074283167522E-007
   3.2416345330498199E-007
   3.4906401390916041E-007
   3.3399020141136317E-007
   3.0050687706720135E-007
   2.9752707215716676E-007
   3.2854976485658341E-007
   3.4651408091781698E-007
   3.2383657674706870E-007
   2.9340033446560847E-007
   2.9958608822070782E-007
   3.3226874819132140E-007
   3.4194020186875219E-007
   3.1337138296681658E-007
   2.8821351335569375E-007
   3.0299657929434414E-007
   3.3481963169709135E-007
   3.3547582656101584E-007
   3.0316215853727857E-007
   2.8510273677687755E-007
   3.0727081981562849E-007
   3.3579570450967498E-007
   3.2739896717464612E-007
   2.9375651912971582E-007
   2.8406976294436769E-007
   3.1186187446592658E-007
   3.3491433515390427E-007
   3.1811030819406879E-007
   2.8564097056887562E-007
   2.8496256349977343E-007
   3.1620513247674733E-007
   3.3203745678125691E-007
   3.0810220980032441E-007
   2.7920457971565898E-007
   2.8748768286426239E-007
   3.1976091839691646E-007
   3.2718103607435731E-007
   2.9792099639061483E-007
   2.7471021074614028E-007
   2.9123317719480845E-007
   3.2205496306327638E-007
   3.2051288084381313E-007
   2.8812541287489753E-007
   2.7227544716967441E-007
   2.9570034092310143E-007
   3.2271369998470405E-007
   3.1233902200815015E-007
   2.7924440016095482E-007
   2.7186457718442007E-007
   3.0034177643760775E-007
   3.2149176035027309E-007
   3.0307976644749363E-007
   2.7173737471094173E-007
   2.7329217731110799E-007
   3.0460290084739378E-007
   3.1828964174848855E-007
   2.9323728574797577E-007
   2.6595998843925402E-007
   2.7623795508502023E-007
   3.0796374239677790E-007
   3.1316028053402552E-007
   2.8335723460551631E-007
   2.6213791433721731E-007
   2.8027166283590140E-007
   3.0997787633818447E-007
   3.0630409998491411E-007
   2.7398732645537976E-007
   2.6035058533637418E-007
   2.8488614715333335E-007
   3.1030558553209662E-007
   2.9805297680629277E-007
   2.6563600441330115E-007
   2.6052605025645239E-007
   2.8953599418974984E-007
   3.0873878214618701E-007
   2.8884440070632077E-007
   2.5873432115402499E-007
   2.6244726785237710E-007
   2.9367882628576763E-007
   3.0521586269107142E-007
   2.7918783247734237E-007
   2.5360387922388593E-007
   2.6576929628633654E-007
   2.9681612335054930E-007
   2.9982543700259676E-007
   2.6962583983556513E-007
   2.5043320896169203E-007
   2.7004601596021366E-007
   2.9853049548570935E-007
   2.9279871746560584E-007
   2.6069297232839252E-007
   2.4926431669363013E-007
   2.7476431872515555E-007
   2.9851662147889377E-007
   2.8449120857741131E-007
   2.5287548482965940E-007
   2.4999035303968094E-007
   2.7938314255506315E-007
   2.9660356108503559E-007
   2.7535514185749105E-007
   2.4657494111670441E-007
   2.5236451311139090E-007
   2.8337438145214866E-007
   2.9276680866031508E-007
   2.6590478476656340E-007
   2.4207841382861879E-007
   2.5601943056660584E-007
   2.8626257851707344E-007
   2.8712924284105931E-007
   2.5667728038544629E-007
   2.3953748804212891E-007
   2.6049554196176082E-007
   2.8766041804341648E-007
   2.7995096469294142E-007
   2.4819199448304710E-007
   2.3895759872242179E-007
   2.6527623299995749E-007
   2.8729736823417043E-007
   2.7160885570394236E-007
   2.4091144078204841E-007
   2.4019844417840702E-007
   2.6982707871447691E-007
   2.8503935618522568E-007
   2.6256745599312149E-007
   2.3520671991239147E-007
   2.4298537990506026E-007
   2.7363619679828877E-007
   2.8089804600529685E-007
   2.5334340730056095E-007
   2.3133004852266246E-007
   2.4693087055411432E-007
   2.7625266822000023E-007
   2.7502908095875569E-007
   2.4446617753624620E-007
   2.2939640869160483E-007
   2.5156432546795476E-007
   2.7732014133726510E-007
   2.6771948618024518E-007
   2.3643804660630195E-007
   2.2937564499495932E-007
   2.5636802007953272E-007
   2.7660311459728443E-007
   2.5936524371046273E-007
   2.2969637282307408E-007
   2.3109554547380004E-007
   2.6081636247035979E-007
   2.7400396113321278E-007
   2.5044078627523230E-007
   2.2458097053926063E-007
   2.3425561157886035E-007
   2.6441552796931958E-007
   2.6956946568048395E-007
   2.4146275562332311E-007
   2.2130902663834163E-007
   2.3845041705883951E-007
   2.6674047195152085E-007
   2.6348644128405022E-007
   2.3295078790999063E-007
   2.1995940395848022E-007
   2.4320074167735858E-007
   2.6746654800615202E-007
   2.5606681805379839E-007
   2.2538829801712799E-007
   2.2046745785468774E-007
   2.4799008815943721E-007
   2.6639337931926484E-007
   2.4772338848331791E-007
   2.1918621816159336E-007
   2.2263069980323438E-007
   2.5230380149651348E-007
   2.6345922878798375E-007
   2.3893808934033794E-007
   2.1465240545579539E-007
   2.2612481686671981E-007
   2.5566782765585991E-007
   2.5874483991660472E-007
   2.3022525352151994E-007
   2.1196899264073631E-007
   2.3052878322237947E-007
   2.5768419267331271E-007
   2.5246651719694697E-007
   2.2209262781748830E-007
   2.1117934208621748E-007
   2.3535711839704104E-007
   2.5806054802973858E-007
   2.4495902931484338E-007
   2.1500310807556609E-007
   2.1218553328294214E-007
   2.4009682277400897E-007
   2.5663158920991026E-007
   2.3664968063013806E-007
   2.0934007009859041E-007
   2.1475651297773503E-007
   2.4424617945487336E-007
   2.5337077913601789E-007
   2.2802555430163947E-007
   2.0537888974752349E-007
   2.1854623508799604E-007
   2.4735248929342955E-007
   2.4839154746955670E-007
   2.1959643386431002E-007
   2.0326676274669454E-007
   2.2312036644115570E-007
   2.4904590111344675E-007
   2.4193793422330793E-007
   2.1185622136489107E-007
   2.0301229857124872E-007
   2.2798949864945060E-007
   2.4906680864075968E-007
   2.3436544118349278E-007
   2.0524576710188733E-007
   2.0448561841264942E-007
   2.3264632612988935E-007
   2.4728478603809231E-007
   2.2611358834894226E-007
   2.0011990506526923E-007
   2.0742889080952656E-007
   2.3660396778033612E-007
   2.4370768215002019E-007
   2.1767229064639748E-007
   1.9672115496887081E-007
   2.1147645435157258E-007
   2.3943253730602592E-007
   2.3848024213412119E-007
   2.0954462179869139E-007
   1.9516203561473430E-007
   2.1618295812993555E-007
   2.4079121712586888E-007
   2.3187241916913449E-007
   2.0220879260688232E-007
   1.9541727527906673E-007
   2.2105735350732639E-007
   2.4045344184041540E-007
   2.2425831228280174E-007
   1.9608221214558924E-007
   1.9732645137519547E-007
   2.2560014488393076E-007
   2.3832333166864502E-007
   2.1608736971353559E-007
   1.9149032873993318E-007
   2.0060680289018384E-007
   2.2934107254148713E-007
   2.3444218521301308E-007
   2.0785006992747115E-007
   1.8864257418647814E-007
   2.0487519547942531E-007
   2.3187438737653148E-007
   2.2898459693624860E-007
   2.0004069774491579E-007
   1.8761718445455331E-007
   2.0967753357343996E-007
   2.3288907117659108E-007
   2.2224454892415428E-007
   1.9312003661431572E-007
   1.8835599310912418E-007
   2.1452336211957806E-007
   2.3219175186675962E-007
   2.1461257801983820E-007
   1.8748078883432391E-007
   1.9066953618566193E-007
   2.1892302250687710E-007
   2.2972062738762556E-007
   2.0654578918806035E-007
   1.8341831506544466E-007
   1.9425202637344817E-007
   2.2242454748486078E-007
   2.2554939557212007E-007
   1.9853301201031531E-007
   1.8110886975535371E-007
   1.9870501571480457E-007
   2.2464751602496604E-007
   2.1988094873667901E-007
   1.9105775314956012E-007
   1.8059693228805246E-007
   2.0356791646951312E-007
   2.2531133331252015E-007
   2.1303136333672862E-007
   1.8456175016889366E-007
   1.8179254078970525E-007
   2.0835304317652364E-007
   2.2425583408519457E-007
   2.0540544338134495E-007
   1.7941186902147699E-007
   1.8447877524230126E-007
   2.1258251066882083E-007
   2.2145269731461626E-007
   1.9746570567762691E-007
   1.7587282298079175E-007
   1.8832877215792375E-007
   2.1582419657271176E-007
   2.1700686158042684E-007
   1.8969718021143054E-007
   1.7408773864794330E-007
   1.9293093772848519E-007
   2.1772406335766696E-007
   2.1114788695451340E-007
   1.8257070097141793E-007
   1.7406799144182031E-007
   1.9782041430317702E-007
   2.1803242193670144E-007
   2.0421196721195500E-007
   1.7650746072220047E-007
   1.7569302732292012E-007
   2.0251439671308680E-007
   2.1662219005760678E-007
   1.9661599921715488E-007
   1.7184749667883332E-007
   1.7872013234744604E-007
   2.0654861502084316E-007
   2.1349781112590451E-007
   1.8882570468101349E-007
   1.6882446086588026E-007
   1.8280336080968118E-007
   2.0951222860500939E-007
   2.0879421088413736E-007
   1.8132023892230686E-007
   1.6754854345577411E-007
   1.8752014637674832E-007
   2.1107850829610503E-007
   2.0276592172394787E-007
   1.7455597258331381E-007
   1.6799879391665367E-007
   1.9240355084792706E-007
   2.1102901696718299E-007
   1.9576724750803599E-007
   1.6893218138566603E-007
   1.7002537036329186E-007
   1.9697769036690806E-007
   2.0926950020599193E-007
   1.8822501009917749E-007
   1.6476121990086531E-007
   1.7336149468654567E-007
   2.0079365136997102E-007
   2.0583633143096933E-007
   1.8060597050425014E-007
   1.6224540398682371E-007
   1.7764416227381164E-007
   2.0346318690711550E-007
   2.0089307517378748E-007
   1.7338140868693862E-007
   1.6146231008086632E-007
   1.8244199938387317E-007
   2.0468766410301891E-007
   1.9471747865687243E-007
   1.6699154587539712E-007
   1.6235955528075546E-007
   1.8728813100956875E-007
   2.0428010545719841E-007
   1.8767992199100147E-007
   1.6181249311829004E-007
   1.6475940380402192E-007
   1.9171555670408653E-007
   2.0217869851304819E-007
   1.8021499547516363E-007
   1.5812820387862280E-007
   1.6837280049945405E-007
   1.9529235317878749E-007
   1.9845079893356942E-007
   1.7278838202322883E-007
   1.5610951955466617E-007
   1.7282172589766748E-007
   1.9765405183092138E-007
   1.9328717386466520E-007
   1.6586156552629306E-007
   1.5580185184523676E-007
   1.7766814537457893E-007
   1.9853076476789605E-007
   1.8698697014603521E-007
   1.5985703594077876E-007
   1.5712238399519606E-007
   1.8244733419580722E-007
   1.9776704055160584E-007
   1.7993458779679634E-007
   1.5512661369717258E-007
   1.5986695752212894E-007
   1.8670304721704376E-007
   1.9533299122923143E-007
   1.7257024327886519E-007
   1.5192526307248130E-007
   1.6372607130424355E-007
   1.9002186900434312E-007
   1.9132589455697881E-007
   1.6535647362729443E-007
   1.5039234219937309E-007
   1.6830874344434080E-007
   1.9206416109440552E-007
   1.8596220028590649E-007
   1.5874312832245440E-007
   1.5054166549348846E-007
   1.7317239665836313E-007
   1.9258928970501535E-007
   1.7956059073883089E-007
   1.5313349395512477E-007
   1.5226108256968098E-007
   1.7785648283628175E-007
   1.9147326103526744E-007
   1.7251741872400749E-007
   1.4885410177128185E-007
   1.5532155749850067E-007
   1.8191729352820176E-007
   1.8871747247054803E-007
   1.6527641214106822E-007
   1.4613047451613246E-007
   1.5939501696307832E-007
   1.8496132628676031E-007
   1.8444796565815473E-007
   1.5829495896345403E-007
   1.4507061199807613E-007
   1.6407957634313198E-007
   1.8667469781530911E-007
   1.7890528409684768E-007
   1.5200953149261352E-007
   1.4565742181775651E-007
   1.6893020677553664E-007
   1.8684640695122480E-007
   1.7242574785535194E-007
   1.4680285990488960E-007
   1.4775061982814851E-007
   1.7349250106595247E-007
   1.8538372302056698E-007
   1.6541559888322495E-007
   1.4297532251339829E-007
   1.5109791162440475E-007
   1.7733697994353779E-007
   1.8231857959855389E-007
   1.5832000296549565E-007
   1.4072268799055610E-007
   1.5535456444186502E-007
   1.8009134781475295E-007
   1.7780453573770837E-007
   1.5158927001465142E-007
   1.4012185698202210E-007
   1.6010985366945666E-007
   1.8146827728689397E-007
   1.7210458149122750E-007
   1.4564485427612997E-007
   1.4112563801227658E-007
   1.6491835445651011E-007
   1.8128664862993758E-007
   1.6557075093131324E-007
   1.4084769819946923E-007
   1.4356690732498112E-007
   1.6933369681435580E-007
   1.7948467632031081E-007
   1.5861712133233754E-007
   1.3747129576889184E-007
   1.4717179231681010E-007
   1.7294222554827165E-007
   1.7612397169570037E-007
   1.5168826695504348E-007
   1.3568148336748055E-007
   1.5158084124282332E-007
   1.7539402849750230E-007
   1.7138428047854839E-007
   1.4522556695817703E-007
   1.3552444748278109E-007
   1.5637654176987174E-007
   1.7642900521039215E-007
   1.6554933661262711E-007
   1.3963391905851231E-007
   1.3692381476606105E-007
   1.6111508471369533E-007
   1.7589603643751841E-007
   1.5898494434570101E-007
   1.3525136786736897E-007
   1.3968699923241652E-007
   1.6535995602240748E-007
   1.7376384140987292E-007
   1.5211097750112177E-007
   1.3232392222181937E-007
   1.4352028273390380E-007
   1.6871481571361409E-007
   1.7012274515220009E-007
   1.4536943751561159E-007
   1.3098743620211024E-007
   1.4805144969473779E-007
   1.7085318775924883E-007
   1.6517726675438042E-007
   1.3919099780599336E-007
   1.3125788535177617E-007
   1.5285823174688840E-007
   1.7154273745131701E-007
   1.5923013092845102E-007
   1.3396256354637105E-007
   1.3303073007822989E-007
   1.5750039002845558E-007
   1.7066233199575341E-007
   1.5265895119025154E-007
   1.2999828955052325E-007
   1.3608937161438245E-007
   1.6155299827215233E-007
   1.6821063241774210E-007
   1.4588737698588918E-007
   1.2751622389430382E-007
   1.4012201861504232E-007
   1.6463841132852385E-007
   1.6430560997504866E-007
   1.3935290766385958E-007
   1.2662231198485360E-007
   1.4474565181084624E-007
   1.6645451465256064E-007
   1.5917506685247926E-007
   1.3347381633220912E-007
   1.2730293186355644E-007
   1.4953524637918183E-007
   1.6679714256982942E-007
   1.5313891915069113E-007
   1.2861768207237849E-007
   1.2942648328927458E-007
   1.5405602298110896E-007
   1.6557500226262522E-007
   1.4658461709338771E-007
   1.2507389542166210E-007
   1.3275386690597555E-007
   1.5789628092446831E-007
   1.6281601442558259E-007
   1.3993758927100492E-007
   1.2303219180125435E-007
   1.3695702166055028E-007
   1.6069833493392823E-007
   1.5866463237299047E-007
   1.3362896270001641E-007
   1.2256880308451064E-007
   1.4164408379695292E-007
   1.6218523169057141E-007
   1.5337038523156824E-007
   1.2806300590429025E-007
   1.2364123484910483E-007
   1.4638923871862600E-007
   1.6218125035988566E-007
   1.4726854994871713E-007
   1.2358675175474866E-007
   1.2609202358683652E-007
   1.5076499312179737E-007
   1.6062467237692180E-007
   1.4075444763517703E-007
   1.2046408064971293E-007
   1.2966114747007964E-007
   1.5437442204373332E-007
   1.5757189264255348E-007
   1.3425333243998845E-007
   1.1885619722732677E-007
   1.3400611403714018E-007
   1.5688095874739182E-007
   1.5319260252429907E-007
   1.2818816376355919E-007
   1.1880994242315333E-007
   1.3872817385094612E-007
   1.5803349216664006E-007
   1.4775645070268544E-007
   1.2294770254972992E-007
   1.2025478718523746E-007
   1.4340265552287227E-007
   1.5768490274411195E-007
   1.4161222706194684E-007
   1.1885733640258591E-007
   1.2300869175525542E-007
   1.4761111357417086E-007
   1.5580266729695937E-007
   1.3516117438486964E-007
   1.1615482053943090E-007
   1.2679234941975738E-007
   1.5097285775177546E-007
   1.5247077180822161E-007
   1.2882646837566954E-007
   1.1497274157743993E-007
   1.3125070028346345E-007
   1.5317348804180355E-007
   1.4788282747950623E-007
   1.2302118500009302E-007
   1.1532899554950174E-007
   1.3598005967594913E-007
   1.5398829773048032E-007
   1.4232694992222518E-007
   1.1811717789428712E-007
   1.1712596037076342E-007
   1.4055878829032590E-007
   1.5329880312518107E-007
   1.3616358059519085E-007
   1.1441720941093665E-007
   1.2015838620282406E-007
   1.4457917592199387E-007
   1.5110118473908032E-007
   1.2979795502099279E-007
   1.1213242146396095E-007
   1.2412936732579830E-007
   1.4767812697451981E-007
   1.4750604061373772E-007
   1.2364931851550257E-007
   1.1136682050902985E-007
   1.2867315432489238E-007
   1.4956434058947605E-007
   1.4272951092032330E-007
   1.1811922714049295E-007
   1.1210991542048763E-007
   1.3338305419147191E-007
   1.5003994989723930E-007
   1.3707648142325360E-007
   1.1356132752474149E-007
   1.1423802520077263E-007
   1.3784229188971313E-007
   1.4901501572400688E-007
   1.3091717072583292E-007
   1.1025488959787165E-007
   1.1752411941442652E-007
   1.4165549123943754E-007
   1.4651381235278008E-007
   1.2465889536529574E-007
   1.0838406960745696E-007
   1.2165540933889536E-007
   1.4447839871694665E-007
   1.4267247029814533E-007
   1.1871516623295748E-007
   1.0802444301486062E-007
   1.2625732869510204E-007
   1.4604361616121204E-007
   1.3772819191052615E-007
   1.1347445717436375E-007
   1.0913778804440930E-007
   1.3092206464691075E-007
   1.4618041884270205E-007
   1.3200089193901662E-007
   1.0927100451489828E-007
   1.1157547831642989E-007
   1.3523946917465189E-007
   1.4482719258294741E-007
   1.2586868181253489E-007
   1.0635982903518245E-007
   1.1509018675678310E-007
   1.3882800523291320E-007
   1.4203558274447691E-007
   1.1973907428028449E-007
   1.0489784683087654E-007
   1.1935498344476309E-007
   1.4136339686174914E-007
   1.3796608242214641E-007
   1.1401810055276735E-007
   1.0493246525368188E-007
   1.2398835196580434E-007
   1.4260283051594856E-007
   1.3287542910387967E-007
   1.0907967760977375E-007
   1.0639849173088386E-007
   1.2858321152953589E-007
   1.4240290266831974E-007
   1.2709679732234831E-007
   1.0523753548259763E-007
   1.0912354972750000E-007
   1.3273773776888170E-007
   1.4072998874598147E-007
   1.2101431458881186E-007
   1.0272181018810737E-007
   1.1284155628679095E-007
   1.3608564900472021E-007
   1.3766228363701483E-007
   1.1503384676929756E-007
   1.0166204734745449E-007
   1.1721320860730315E-007
   1.3832367698245256E-007
   1.3338339877345962E-007
   1.0955227450381775E-007
   1.0207787032413468E-007
   1.2185190350666929E-007
   1.3923416167360786E-007
   1.2816803497469696E-007
   1.0492758334414482E-007
   1.0387798116433658E-007
   1.2635310938235532E-007
   1.3870108797922421E-007
   1.2236084761354309E-007
   1.0145202136692104E-007
   1.0686753469375366E-007
   1.3032496108320133E-007
   1.3671838340707830E-007
   1.1635012766384246E-007
   9.9330334238572703E-008
   1.1076329079329105E-007
   1.3341776386816480E-007
   1.3338988507817236E-007
   1.1053830753334109E-007
   9.8664697639024383E-008
   1.1521536878952939E-007
   1.3535018628270785E-007
   1.2892101589332631E-007
   1.0531152990284961E-007
   9.9447453883145038E-008
   1.1983393311783187E-007
   1.3593018006328466E-007
   1.2360283312792771E-007
   1.0101057948582062E-007
   1.0156216672357801E-007
   1.2421877649324612E-007
   1.3506907314026935E-007
   1.1778968711257665E-007
   9.7905363801782630E-008
   1.0479287722097144E-007
   1.2798955554605824E-007
   1.3278780217751985E-007
   1.1187220327490195E-007
   9.6174853478341034E-008
   1.0884082804161973E-007
   1.3081439586830004E-007
   1.2921484846736741E-007
   1.0624764503554953E-007
   9.5893970186932120E-008
   1.1334736131591237E-007
   1.3243471622879359E-007
   1.2457607032360667E-007
   1.0128990559226655E-007
   9.7028381370170450E-008
   1.1792123491526865E-007
   1.3268441441902658E-007
   1.1917723231700578E-007
   9.7321393071527033E-008
   9.9437559942815137E-008
   1.2216827872882194E-007
   1.3150199294011769E-007
   1.1338058251444049E-007
   9.4588921867008862E-008
   1.0288584286417750E-007
   1.2572114364891997E-007
   1.2893474129445319E-007
   1.0757727012322470E-007
   9.3245411884304006E-008
   1.0706061876598440E-007
   1.2826689778008957E-007
   1.2513469231221744E-007
   1.0215770217905671E-007
   9.3338750965144260E-008
   1.1159624329987604E-007
   1.2957039893950208E-007
   1.2034669405395337E-007
   9.7482084155220375E-008
   9.4808629207846575E-008
   1.1610185199963228E-007
   1.2949169732567932E-007
   1.1488953088152910E-007
   9.3853366027511052E-008
   9.7491550258491975E-008
   1.2019095620347655E-007
   1.2799618129265563E-007
   1.0913154693094385E-007
   9.1494623964815865E-008
   1.0113360546353294E-007
   1.2351058199545778E-007
   1.2515673255963929E-007
   1.0346263564178346E-007
   9.0532565642684758E-008
   1.0541001532919208E-007
   1.2576775582183833E-007
   1.2114776238684612E-007
   9.8264723322162577E-008
   9.0988376774698737E-008
   1.0994993430864156E-007
   1.2675135031112502E-007
   1.1623161314376282E-007
   9.3882979673413941E-008
   9.2776567770470912E-008
   1.1436462484024020E-007
   1.2634766163943873E-007
   1.1073838363332053E-007
   9.0599924812853004E-008
   9.5711874444125126E-008
   1.1827686234079767E-007
   1.2454857059307443E-007
   1.0504072851769063E-007
   8.8614372555808556E-008
   9.9523656494699463E-008
   1.2134934594717201E-007
   1.2145170272972529E-007
   9.9525553848150972E-008
   8.8026779367425982E-008
   1.0387667717361713E-007
   1.2330997708192384E-007
   1.1725260961734541E-007
   9.4564757272007484E-008
   8.8832075627482926E-008
   1.0839666812258047E-007
   1.2397211112528877E-007
   1.1222959438859838E-007
   9.0487224001868647E-008
   9.0920489238653210E-008
   1.1269873127324024E-007
   1.2324827645794449E-007
   1.0672235792612591E-007
   8.7554186431790666E-008
   9.4086265638168845E-008
   1.1641642337119009E-007
   1.2115635323043212E-007
   1.0110610302876664E-007
   8.5939792500739859E-008
   9.8043593456181274E-008
   1.1922932578943593E-007
   1.1781777738020840E-007
   9.5763068303948380E-008
   8.5718325544865578E-008
   1.0244850331970044E-007
   1.2088702601047976E-007
   1.1344793866631857E-007
   9.1053650639325795E-008
   8.6859012797342726E-008
   1.0692506274634187E-007
   1.2122771617666715E-007
   1.0833952964458415E-007
   8.7289296576691645E-008
   8.9228782524239637E-008
   1.1109387372831148E-007
   1.2019002900511491E-007
   1.0284013213951692E-007
   8.4709200238171204E-008
   9.2602728133586127E-008
   1.1460071271520954E-007
   1.1781724616850194E-007
   9.7325755497808137E-008
   8.3462550195791659E-008
   9.6681457945191579E-008
   1.1714315166843077E-007
   1.1425359220566020E-007
   9.2172339740063021E-008
   8.3597641442197071E-008
   1.0111399314622640E-007
   1.1849316079789653E-007
   1.0973292820518591E-007
   8.7727382658049942E-008
   8.5058644968624950E-008
   1.0552446318051728E-007
   1.1851400389364244E-007
   1.0456072894524872E-007
   8.4283830567985693E-008
   8.7690247895902019E-008
   1.0954056891145166E-007
   1.1717017524053379E-007
   9.9090730656530073E-008
   8.2058192950341269E-008
   9.1249780584679006E-008
   1.1282165864613680E-007
   1.1452965741134275E-007
   9.3698034420742005E-008
   8.1174515847854369E-008
   9.5425886298141509E-008
   1.1508430154451698E-007
   1.1075836173515276E-007
   8.8750707920746685E-008
   8.1655397225380058E-008
   9.9862295338609980E-008
   1.1612343669770283E-007
   1.0610720134408426E-007
   8.4582035149949916E-008
   8.3420695176091977E-008
   1.0418489236776071E-007
   1.1582752364805333E-007
   1.0089280443856206E-007
   8.1465504134100586E-008
   8.6293992875424740E-008
   1.0803001791968786E-007
   1.1418657271357379E-007
   9.5473347253709448E-008
   7.9594409100108276E-008
   9.0016301795132588E-008
   1.1107186541987205E-007
   1.1129248017882035E-007
   9.0221350596734245E-008
   7.9067587227385956E-008
   9.4265940012641979E-008
   1.1304691071810040E-007
   1.0733167468744288E-007
   8.5495505737285023E-008
   7.9882341366669796E-008
   9.8683059799254413E-008
   1.1377354171311634E-007
   1.0257065955286724E-007
   8.1613657779393931E-008
   8.1935052653843872E-008
   1.0289695588130655E-007
   1.1316542835561373E-007
   9.7335572858701992E-008
   7.8828982281769465E-008
   8.5029407349573827E-008
   1.0655408250833746E-007
   1.1123764801456035E-007
   9.1987329803938496E-008
   7.7311137108718284E-008
   8.8891583513600422E-008
   1.0934466117635872E-007
   1.0810513381031590E-007
   8.6894241114368398E-008
   7.7133793309919559E-008
   9.3191225864031349E-008
   1.1102587925339454E-007
   1.0397359469072233E-007
   8.2404184840922181E-008
   7.8269459404112082E-008
   9.7566601273404499E-008
   1.1143994046126372E-007
   9.9123621192383625E-008
   0.0000000000000000     
